image_width: 1280
image_height: 720
camera_name: camera
camera_matrix:
  rows: 3
  cols: 3
  data: [433.16391266335381, 0, 595.30006297431567, 0, 432.75634918550969, 386.14234825095775, 0, 0, 1]
distortion_coefficients:
  rows: 1
  cols: 4
  data: [0.30904104621993855, 0.06266451770686568, -0.040233084314777401, -0.012333063097774249]