frame_id: bundle_all
pose_wheel_camera_right: [0.85776595366551245, -1.3297249786546665, 1.70759463357486, -0.0037461082991290216, 0.012662183501864755, 0.85994211722375269, -0.51022072753496184]
pose_wheel_camera_front: [3.4728684909554812, -0.73169474983827887, 0.92578770800106336, 0.32955744240001894, -0.6233047217244837, 0.62466249399100093, -0.33567824569915911]
pose_wheel_camera_left: [0.84327463846461403, -0.22055318829518084, 1.7250547956887143, 0.52043734275821096, -0.8538966208432508, 0.0017313909010818068, 0.0015923130339794826]
pose_wheel_camera_rear: [-0.77796316183817105, -0.77092134403012258, 1.2366664981364999, -0.34863975481374709, 0.60202525692481423, 0.62964173407872581, -0.34578490148408281]