image_width: 1280
image_height: 720
camera_name: camera
camera_matrix:
  rows: 3
  cols: 3
  data: [431.71349611654836, 0, 654.41645751066335, 0, 431.32757883303026, 389.04740696290617, 0, 0, 1]
distortion_coefficients:
  rows: 1
  cols: 4
  data: [0.29981361155376002, 0.08490468424384201, -0.090648638945377197, 0.022674628255606191]