image_width: 1280
image_height: 720
camera_name: camera
camera_matrix:
  rows: 3
  cols: 3
  data: [429.74459114051712, 0, 619.22596643438362, 0, 429.83803063011919, 401.92878121320769, 0, 0, 1]
distortion_coefficients:
  rows: 1
  cols: 4
  data: [0.29938336892050299, 0.073557008355643466, -0.069200024479249625, 0.010450303044365006]